1 -606
2 -315
3 84
4 128
5 777
6 665
7 -348
8 208
9 299
10 229
11 -870
12 0
13 798
14 991
15 630
16 622
17 582
18 337
19 153
20 875
21 254
22 -134
23 -205
24 312
25 -597
26 460
27 688
28 314
29 -153
30 -416
31 -394
32 17
33 918
34 -94
35 568
36 -471
37 -633
38 -930
39 -289
40 -902
41 170
42 495
43 662
44 330
45 855
46 -280
47 912
48 81
49 470
50 859
51 -921
52 354
53 -937
54 -450
55 640
56 311
57 -387
58 -428
59 127
60 864
61 -103
62 -408
63 53
64 580
65 983
66 55
67 -745
68 635
69 817
70 924
71 605
72 -550
73 101
74 -697
75 -307
76 618
77 -619
78 472
79 720
80 284
81 62
82 396
83 -751
84 -636
85 -293
86 677
87 425
88 407
89 -83
90 -840
91 -440
92 -576
93 109
94 873
95 -443
96 667
97 -650
98 -312
99 183
100 -36
101 826
102 -185
103 632
104 788
105 419
106 213
107 -654
108 408
109 428
110 -656
111 -481
112 423
113 -485
114 1
115 -223
116 -449
117 -741
118 -917
119 438
120 -761
121 334
122 921
123 -345
124 910
125 -32
126 70
127 453
128 277
129 -648
130 -26
131 191
132 305
133 -88
134 64
135 -643
136 -938
137 64
138 -536
139 -508
140 121
141 236
142 -440
143 -321
144 -968
145 45
146 572
147 -923
148 -42
149 348
150 -382
151 -22
152 -726
153 779
154 108
155 -489
156 461
157 -651
158 46
159 -121
160 -734
161 274
162 364
163 851
164 -374
165 -29
166 468
167 953
168 473
169 -912
170 30
171 439
172 -25
173 -512
174 769
175 273
176 329
177 -484
178 750
179 23
180 -955
181 789
182 -340
183 643
184 -632
185 288
186 327
187 456
188 299
189 594
190 285
191 -52
192 -580
193 309
194 -845
195 24
196 -47
197 -129
198 913
199 -894
200 150
201 -349
202 -26
203 -109
204 -850
205 73
206 -770
207 -453
208 983
209 423
210 -332
211 959
212 -638
213 461
214 986
215 -227
216 -493
217 -821
218 106
219 139
220 800
221 -876
222 440
223 -96
224 740
225 -213
226 706
227 -694
228 487
229 -152
230 456
231 -930
232 -928
233 -320
234 219
235 606
236 629
237 857
238 697
239 428
240 179
241 125
242 217
243 416
244 -67
245 -110
246 -441
247 -284
248 867
249 86
250 -67
251 410
252 -913
253 -295
254 893
255 433
256 256
257 945
258 218
259 536
260 555
261 88
262 842
263 -837
264 -52
265 -176
266 -706
267 135
268 68
269 505
270 21
271 665
272 -87
273 -28
274 -707
275 800
276 137
277 -80
278 -349
279 936
280 -902
281 -484
282 -598
283 -191
284 -378
285 -616
286 875
287 -276
288 216
289 477
290 -396
291 240
292 -418
293 -10
294 825
295 724
296 122
297 -331
298 -647
299 456
300 -590
301 -232
302 109
303 152
304 419
305 290
306 -931
307 306
308 -852
309 -871
310 540
311 133
312 313
313 -349
314 646
315 -926
316 337
317 -553
318 992
319 -894
320 721
321 860
322 447
323 -578
324 -682
325 -669
326 -877
327 -618
328 -294
329 428
330 316
331 -57
332 349
333 78
334 644
335 -730
336 102
337 -648
338 498
339 870
340 -368
341 -101
342 243
343 255
344 -486
345 56
346 -258
347 -178
348 -894
349 26
350 103
351 -475
352 211
353 686
354 -838
355 -228
356 -425
357 -62
358 -463
359 -866
360 -404
361 653
362 -768
363 246
364 -924
365 562
366 659
367 832
368 596
369 597
370 -318
371 376
372 648
373 -517
374 -156
375 667
376 -51
377 -501
378 664
379 563
380 -288
381 26
382 557
383 354
384 648
385 -612
386 949
387 -599
388 190
389 -443
390 648
391 -868
392 38
393 400
394 992
395 -26
396 -839
397 -957
398 325
399 -743
400 178
401 -551
402 534
403 200
404 558
405 -290
406 -448
407 -620
408 -504
409 -665
410 452
411 -391
412 -640
413 -839
414 -384
415 363
416 -826
417 910
418 -824
419 -377
420 988
421 -395
422 -498
423 945
424 -560
425 826
426 -370
427 -183
428 -393
429 -681
430 343
431 -628
432 738
433 -503
434 88
435 -705
436 -4
437 240
438 -253
439 -186
440 107
441 -140
442 986
443 -905
444 -407
445 -92
446 -654
447 605
448 -336
449 -688
450 276
451 399
452 827
453 356
454 -446
455 -746
456 717
457 823
458 -329
459 -440
460 -134
461 -236
462 -971
463 230
464 -493
465 773
466 -619
467 -348
468 -109
469 405
470 -546
471 -773
472 311
473 898
474 -992
475 -93
476 534
477 532
478 963
479 -294
480 207
481 -321
482 971
483 542
484 -72
485 724
486 405
487 -66
488 906
489 357
490 -382
491 630
492 -620
493 -532
494 -115
495 768
496 -189
497 -257
498 993
499 -199
500 -746
501 463
502 424
503 -118
504 136
505 943
506 -76
507 7
508 725
509 255
510 145
511 659
512 58
513 -396
514 -509
515 824
516 -570
517 -712
518 167
519 791
520 322
521 577
522 -384
523 -733
524 -726
525 -507
526 49
527 -474
528 -263
529 639
530 629
531 435
532 595
533 -979
534 -528
535 699
536 -511
537 546
538 -132
539 -989
540 -664
541 411
542 -535
543 752
544 652
545 26
546 -685
547 -270
548 -55
549 -543
550 -818
551 932
552 680
553 -547
554 273
555 472
556 -445
557 932
558 -202
559 845
560 791
561 -446
562 335
563 -86
564 715
565 478
566 284
567 -601
568 -198
569 -755
570 -95
571 -17
572 675
573 309
574 629
575 -67
576 -861
577 -600
578 791
579 745
580 -238
581 324
582 -333
583 569
584 270
585 -821
586 -998
587 82
588 -6
589 588
590 -519
591 787
592 -244
593 186
594 55
595 -707
596 233
597 -199
598 805
599 280
600 -986
601 266
602 -492
603 -660
604 542
605 -430
606 205
607 296
608 -560
609 -737
610 -10
611 468
612 82
613 808
614 647
615 617
616 670
617 772
618 -165
619 399
620 -951
621 660
622 138
623 -834
624 798
625 -599
626 2
627 -903
628 -339
629 -896
630 421
631 171
632 48
633 223
634 -888
635 906
636 -442
637 -425
638 426
639 179
640 642
641 296
642 678
643 -405
644 349
645 -904
646 -519
647 -519
648 -101
649 -958
650 681
651 -687
652 -675
653 106
654 648
655 552
656 -846
657 -152
658 991
659 924
660 -549
661 -823
662 -634
663 674
664 187
665 574
666 -546
667 569
668 813
669 624
670 620
671 223
672 136
673 327
674 565
675 -758
676 -679
677 888
678 380
679 228
680 913
681 -13
682 993
683 571
684 200
685 278
686 90
687 456
688 995
689 -142
690 -445
691 -200
692 507
693 126
694 312
695 -344
696 -403
697 500
698 -416
699 734
700 902
701 912
702 749
703 -871
704 -876
705 819
706 647
707 -6
708 -8
709 329
710 -188
711 625
712 541
713 -244
714 848
715 432
716 108
717 -115
718 -732
719 -797
720 551
721 -560
722 -339
723 744
724 865
725 -801
726 174
727 364
728 32
729 730
730 893
731 -87
732 558
733 338
734 952
735 -331
736 -50
737 859
738 -528
739 -661
740 -188
741 956
742 111
743 877
744 -172
745 -448
746 774
747 -715
748 -302
749 177
750 832
751 -598
752 -353
753 936
754 389
755 79
756 -336
757 289
758 -375
759 991
760 -764
761 977
762 269
763 259
764 -63
765 19
766 -609
767 146
768 645
769 193
770 -426
771 -591
772 -909
773 -268
774 74
775 -756
776 -756
777 180
778 52
779 -794
780 -515
781 -784
782 268
783 844
784 586
785 -293
786 -79
787 98
788 784
789 -879
790 585
791 596
792 -402
793 637
794 -198
795 -198
796 -237
797 554
798 -794
799 -708
800 315
801 204
802 -346
803 115
804 -463
805 -648
806 740
807 127
808 761
809 -503
810 -216
811 726
812 372
813 -974
814 731
815 275
816 -933
817 354
818 -149
819 -176
820 -212
821 -909
822 -682
823 648
824 -14
825 707
826 420
827 97
828 596
829 -832
830 -64
831 833
832 881
833 994
834 492
835 -83
836 442
837 -641
838 -762
839 592
840 -339
841 -894
842 523
843 472
844 912
845 724
846 344
847 896
848 702
849 -97
850 -92
851 447
852 415
853 940
854 398
855 -888
856 -173
857 185
858 853
859 687
860 -206
861 859
862 924
863 990
864 -188
865 495
866 750
867 -525
868 318
869 -421
870 -229
871 -309
872 112
873 481
874 -205
875 -245
876 809
877 -166
878 -512
879 -187
880 964
881 988
882 992
883 -425
884 678
885 -981
886 -891
887 -611
888 -915
889 -605
890 563
891 -1000
892 -708
893 -556
894 741
895 470
896 162
897 -526
898 -249
899 -496
900 450
901 -851
902 -308
903 -13
904 62
905 90
906 662
907 571
908 -875
909 615
910 -926
911 616
912 -646
913 -953
914 643
915 -748
916 -834
917 -589
918 380
919 -632
920 -818
921 -429
922 -406
923 472
924 822
925 364
926 -503
927 -997
928 -507
929 -570
930 -109
931 911
932 258
933 -691
934 -830
935 -383
936 458
937 703
938 411
939 -755
940 399
941 -130
942 287
943 -25
944 -677
945 376
946 -716
947 304
948 -287
949 -991
950 962
951 760
952 -322
953 593
954 120
955 -401
956 -987
957 -939
958 939
959 -872
960 695
961 -386
962 814
963 105
964 528
965 343
966 89
967 -424
968 -115
969 -145
970 -50
971 271
972 -331
973 642
974 878
975 -337
976 491
977 323
978 519
979 -702
980 -508
981 -281
982 35
983 -351
984 162
985 682
986 242
987 -270
988 -544
989 441
990 -407
991 -677
992 194
993 -385
994 -694
995 -868
996 -271
997 449
998 -415
999 137
1000 583
